   5 0.1406988E+03
   4 0.1414401E+03
   6 0.1414022E+03
   2 0.1409352E+03
   3 0.1410523E+03
   7 0.1410688E+03
   1 0.1410071E+03
   9 0.1409278E+03
  13 0.1419316E+03
  10 0.1410185E+03
   8 0.1411111E+03
  15 0.1413114E+03
  14 0.1410132E+03
  12 0.1412007E+03
  11 0.1411979E+03
   5 0.1407040E+03
   4 0.1410046E+03
   6 0.1416317E+03
   2 0.1409210E+03
   3 0.1408882E+03
   1 0.1408180E+03
   7 0.1408265E+03
   9 0.1409453E+03
  14 0.1408766E+03
  15 0.1413925E+03
  12 0.1414456E+03
  13 0.1415579E+03
  10 0.1405183E+03
   8 0.1409909E+03
  11 0.1408771E+03
   5 0.1412504E+03
   4 0.1409063E+03
   2 0.1416044E+03
   6 0.1417202E+03
   3 0.1412765E+03
   1 0.1411874E+03
   7 0.1412702E+03
  14 0.1410583E+03
   9 0.1418673E+03
   8 0.1414898E+03
  15 0.1412198E+03
  12 0.1412247E+03
  13 0.1407890E+03
  10 0.1407851E+03
  11 0.1411276E+03
   5 0.1410216E+03
