   7 0.1411008E+03
   6 0.1407761E+03
   3 0.1413548E+03
   4 0.1408130E+03
   5 0.1415095E+03
   2 0.1413783E+03
   1 0.1408195E+03
  12 0.1410021E+03
  15 0.1411102E+03
  11 0.1412991E+03
  14 0.1410349E+03
  13 0.1408196E+03
   9 0.1410629E+03
  10 0.1409738E+03
   8 0.1407843E+03
   7 0.1409989E+03
   6 0.1410793E+03
   3 0.1412929E+03
   4 0.1412335E+03
   5 0.1416904E+03
   2 0.1406640E+03
   1 0.1411995E+03
  12 0.1411448E+03
  15 0.1413970E+03
  11 0.1412186E+03
  14 0.1414042E+03
  13 0.1413398E+03
   9 0.1418926E+03
  10 0.1413069E+03
   8 0.1412913E+03
   7 0.1410790E+03
   6 0.1414163E+03
   3 0.1412286E+03
   4 0.1412113E+03
   5 0.1404794E+03
   2 0.1409083E+03
   1 0.1410127E+03
  12 0.1407935E+03
  15 0.1411327E+03
  11 0.1408941E+03
  13 0.1415934E+03
  14 0.1405971E+03
   9 0.1411746E+03
   8 0.1412860E+03
  10 0.1415112E+03
   7 0.1403798E+03
   6 0.1413137E+03
   3 0.1412376E+03
   4 0.1411567E+03
   5 0.1410961E+03
   2 0.1409707E+03
   1 0.1410755E+03
  12 0.1416550E+03
  15 0.1411600E+03
  11 0.1412533E+03
  14 0.1416472E+03
  13 0.1408003E+03
   9 0.1409910E+03
   8 0.1410459E+03
  10 0.1412229E+03
   7 0.1407072E+03
   3 0.1407713E+03
   6 0.1414352E+03
   4 0.1408573E+03
   5 0.1415969E+03
   2 0.1406721E+03
   1 0.1412401E+03
  12 0.1411744E+03
  15 0.1409786E+03
  11 0.1419380E+03
  13 0.1412149E+03
  14 0.1409743E+03
   9 0.1408830E+03
  10 0.1408796E+03
   8 0.1411375E+03
   7 0.1411545E+03
   6 0.1414091E+03
   3 0.1412666E+03
   4 0.1413661E+03
   5 0.1409367E+03
   2 0.1416695E+03
   1 0.1413939E+03
  12 0.1416438E+03
  15 0.1415142E+03
  11 0.1410618E+03
  13 0.1410616E+03
  14 0.1416074E+03
   8 0.1412883E+03
  10 0.1409755E+03
   9 0.1408061E+03
   7 0.1414496E+03
   6 0.1413399E+03
   3 0.1413859E+03
   4 0.1409522E+03
   5 0.1408829E+03
   2 0.1407854E+03
   1 0.1415447E+03
  12 0.1414597E+03
  15 0.1412565E+03
  11 0.1408315E+03
  13 0.1411859E+03
  14 0.1408489E+03
   8 0.1414806E+03
  10 0.1410545E+03
   9 0.1412018E+03
   7 0.1411075E+03
   6 0.1414503E+03
   4 0.1410032E+03
   3 0.1411718E+03
   5 0.1413919E+03
   2 0.1414091E+03
   1 0.1411398E+03
  12 0.1413029E+03
  15 0.1410978E+03
  11 0.1408018E+03
  13 0.1412086E+03
  14 0.1415306E+03
  10 0.1410480E+03
   8 0.1415529E+03
   9 0.1412334E+03
   7 0.1411195E+03
   6 0.1407131E+03
   4 0.1413259E+03
   3 0.1411947E+03
   5 0.1411333E+03
   2 0.1407977E+03
   1 0.1410577E+03
  12 0.1411100E+03
  15 0.1407806E+03
  11 0.1412393E+03
  13 0.1414768E+03
  14 0.1413408E+03
   8 0.1415200E+03
   9 0.1412388E+03
  10 0.1414084E+03
   7 0.1407603E+03
   6 0.1411688E+03
   4 0.1414556E+03
   3 0.1407519E+03
   5 0.1413554E+03
   2 0.1417711E+03
   1 0.1415256E+03
  12 0.1409447E+03
  15 0.1411334E+03
  11 0.1410210E+03
  13 0.1411595E+03
  14 0.1413960E+03
   9 0.1408239E+03
  10 0.1412117E+03
   8 0.1410109E+03
   7 0.1413018E+03
   6 0.1411969E+03
   4 0.1406008E+03
   3 0.1410897E+03
   5 0.1414375E+03
   2 0.1410515E+03
   1 0.1413926E+03
  12 0.1411757E+03
  15 0.1408158E+03
  11 0.1412561E+03
  13 0.1409359E+03
  14 0.1404991E+03
   7 0.1405081E+03
   9 0.1416524E+03
   8 0.1411600E+03
  10 0.1408522E+03
   6 0.1411716E+03
   3 0.1411076E+03
   4 0.1414734E+03
   5 0.1410615E+03
   2 0.1415344E+03
   1 0.1403823E+03
  12 0.1410098E+03
   7 0.1407123E+03
  15 0.1407596E+03
  11 0.1411581E+03
   6 0.1412101E+03
   4 0.1413352E+03
   3 0.1407887E+03
   5 0.1416176E+03
  13 0.1409756E+03
  14 0.1413012E+03
   2 0.1409139E+03
   1 0.1414115E+03
   8 0.1414966E+03
   9 0.1410157E+03
  10 0.1408494E+03
  12 0.1410677E+03
   7 0.1410042E+03
   6 0.1411349E+03
   4 0.1407806E+03
   3 0.1409004E+03
   5 0.1405106E+03
   2 0.1413037E+03
   1 0.1412937E+03
  15 0.1414272E+03
  11 0.1415656E+03
  13 0.1411989E+03
  14 0.1414648E+03
  10 0.1412887E+03
   9 0.1417437E+03
   8 0.1412307E+03
  12 0.1408265E+03
   7 0.1407224E+03
   6 0.1406610E+03
   4 0.1408826E+03
   3 0.1416202E+03
   5 0.1411597E+03
   2 0.1410094E+03
   1 0.1411362E+03
  15 0.1406303E+03
  11 0.1410294E+03
  13 0.1410215E+03
  14 0.1414103E+03
   9 0.1413120E+03
  10 0.1408088E+03
   8 0.1408326E+03
  12 0.1410951E+03
   7 0.1414701E+03
   6 0.1412247E+03
   3 0.1410271E+03
   4 0.1415944E+03
   5 0.1410080E+03
   2 0.1414224E+03
   1 0.1408273E+03
  15 0.1414080E+03
  11 0.1410308E+03
  13 0.1410539E+03
  14 0.1408176E+03
   9 0.1412663E+03
   8 0.1411787E+03
  10 0.1412552E+03
